[ninjam]
lc_0=0 source '1024' bc 1 mute 0 solo 0 volume 1.000000 pan 0.000000 jesus 0 flag 0 name `default channel`
lc_cnt=1
wnd_state=0
wnd_div1=0
wnd_x=316
wnd_y=355
wnd_w=733
wnd_h=508
mastervol=1.000000
masterpan=0.000000
metrovol=0.500000
metropan=0.000000
mastermute=0
metromute=0
